0 0.6414092664092664 0.5514322916666666 0.63996138996139 0.5533854166666666 0.63996138996139 0.5625 0.6476833976833977 0.5625 0.6476833976833977 0.556640625 0.6472007722007722 0.5559895833333334 0.6472007722007722 0.5553385416666666 0.6457528957528957 0.5533854166666666 0.6452702702702703 0.5533854166666666 0.6447876447876448 0.552734375 0.6443050193050193 0.552734375 0.6433397683397684 0.5514322916666666 0.9189532995223999
1 0.6423745173745173 0.59375 0.6423745173745173 0.6067708333333334 0.6457528957528957 0.611328125 0.6563706563706564 0.611328125 0.6573359073359073 0.609375 0.6573359073359073 0.6041666666666666 0.6563706563706564 0.6022135416666666 0.6558880308880309 0.599609375 0.6544401544401545 0.59765625 0.6544401544401545 0.5970052083333334 0.6525096525096525 0.595703125 0.6505791505791506 0.5930989583333334 0.6496138996138996 0.5930989583333334 0.6491312741312741 0.5924479166666666 0.6472007722007722 0.5924479166666666 0.6467181467181468 0.591796875 0.6457528957528957 0.591796875 0.886408269405365
1 0.6674710424710425 0.4713541666666667 0.6674710424710425 0.4720052083333333 0.666988416988417 0.47265625 0.666988416988417 0.482421875 0.6742277992277992 0.482421875 0.6747104247104247 0.4817708333333333 0.6747104247104247 0.4739583333333333 0.6742277992277992 0.4733072916666667 0.6742277992277992 0.47265625 0.6732625482625483 0.4713541666666667 0.6727799227799228 0.4713541666666667 0.6722972972972973 0.470703125 0.6708494208494209 0.470703125 0.6703667953667953 0.4700520833333333 0.668918918918919 0.4700520833333333 0.667953667953668 0.4713541666666667 0.8824165463447571
1 0.8706563706563707 0.4700520833333333 0.8701737451737451 0.470703125 0.8701737451737451 0.4778645833333333 0.8745173745173745 0.4778645833333333 0.8745173745173745 0.4713541666666667 0.8730694980694981 0.4694010416666667 0.8716216216216216 0.4694010416666667 0.8711389961389961 0.4700520833333333 0.8286711573600769
1 0.333011583011583 0.6458333333333334 0.33156370656370654 0.6477864583333334 0.33156370656370654 0.65625 0.33832046332046334 0.65625 0.33832046332046334 0.6484375 0.3373552123552124 0.6471354166666666 0.33687258687258687 0.6471354166666666 0.3363899613899614 0.646484375 0.33542471042471045 0.646484375 0.33494208494208494 0.6458333333333334 0.7288219928741455
1 0.6911196911196911 0.5201822916666666 0.6901544401544402 0.521484375 0.6901544401544402 0.5299479166666666 0.6954633204633205 0.5299479166666666 0.6954633204633205 0.529296875 0.6959459459459459 0.5286458333333334 0.6959459459459459 0.5240885416666666 0.6954633204633205 0.5234375 0.6954633204633205 0.5227864583333334 0.693050193050193 0.51953125 0.6925675675675675 0.51953125 0.6920849420849421 0.5201822916666666 0.7206379175186157
1 0.790057915057915 0.482421875 0.7890926640926641 0.4837239583333333 0.7890926640926641 0.4908854166666667 0.7924710424710425 0.4908854166666667 0.7924710424710425 0.490234375 0.792953667953668 0.4895833333333333 0.792953667953668 0.4869791666666667 0.7924710424710425 0.486328125 0.7924710424710425 0.4850260416666667 0.791988416988417 0.484375 0.791988416988417 0.4837239583333333 0.791023166023166 0.482421875 0.7087579369544983
1 0.791023166023166 0.5188802083333334 0.791023166023166 0.5286458333333334 0.7963320463320464 0.5286458333333334 0.7963320463320464 0.5279947916666666 0.7972972972972973 0.5266927083333334 0.7972972972972973 0.5247395833333334 0.7968146718146718 0.5240885416666666 0.7968146718146718 0.521484375 0.7963320463320464 0.5208333333333334 0.7963320463320464 0.5201822916666666 0.7948841698841699 0.5182291666666666 0.791988416988417 0.5182291666666666 0.7915057915057915 0.5188802083333334 0.7007968425750732
2 0.4140926640926641 0.3919270833333333 0.4136100386100386 0.392578125 0.4136100386100386 0.40234375 0.4203667953667954 0.40234375 0.4203667953667954 0.3977864583333333 0.416988416988417 0.3932291666666667 0.416988416988417 0.392578125 0.416023166023166 0.3912760416666667 0.41505791505791506 0.3912760416666667 0.41457528957528955 0.3919270833333333 0.6860570907592773
0 0.8296332046332047 0.6985677083333334 0.8296332046332047 0.70703125 0.834942084942085 0.70703125 0.834942084942085 0.7005208333333334 0.8344594594594594 0.6998697916666666 0.8344594594594594 0.69921875 0.833976833976834 0.6985677083333334 0.6311302185058594
1 0.875 0.5930989583333334 0.8725868725868726 0.59765625 0.8725868725868726 0.611328125 0.8745173745173745 0.6139322916666666 0.875 0.6158854166666666 0.8885135135135135 0.6158854166666666 0.88996138996139 0.611328125 0.88996138996139 0.6002604166666666 0.887065637065637 0.595703125 0.8861003861003861 0.5930989583333334 0.8841698841698842 0.5904947916666666 0.8812741312741312 0.5891927083333334 0.8803088803088803 0.5891927083333334 0.8793436293436293 0.5904947916666666 0.5561034679412842
0 0.5014478764478765 0.5970052083333334 0.500965250965251 0.59765625 0.500965250965251 0.6022135416666666 0.5038610038610039 0.6022135416666666 0.5048262548262549 0.6009114583333334 0.5048262548262549 0.5983072916666666 0.5043436293436293 0.59765625 0.5038610038610039 0.59765625 0.5033783783783784 0.5970052083333334 0.5192223191261292
1 0.44932432432432434 0.62890625 0.44884169884169883 0.6295572916666666 0.44884169884169883 0.638671875 0.4546332046332046 0.638671875 0.4546332046332046 0.634765625 0.4531853281853282 0.6328125 0.4531853281853282 0.6321614583333334 0.45222007722007723 0.630859375 0.45222007722007723 0.6302083333333334 0.45125482625482627 0.62890625 0.45125482625482627 0.6282552083333334 0.4502895752895753 0.6282552083333334 0.4498069498069498 0.62890625 0.5167044997215271
0 0.7075289575289575 0.56640625 0.7065637065637066 0.5677083333333334 0.7065637065637066 0.5716145833333334 0.709942084942085 0.5716145833333334 0.709942084942085 0.5670572916666666 0.7094594594594594 0.56640625 0.5159190893173218
