1 0.3441119691119691 0.5501302083333334 0.3436293436293436 0.5514322916666666 0.3436293436293436 0.5638020833333334 0.347007722007722 0.5677083333333334 0.3552123552123552 0.5677083333333334 0.35666023166023164 0.5651041666666666 0.35666023166023164 0.5592447916666666 0.3547297297297297 0.5540364583333334 0.35376447876447875 0.552734375 0.35376447876447875 0.55078125 0.3527992277992278 0.5494791666666666 0.34604247104247104 0.5494791666666666 0.34555984555984554 0.548828125 0.34459459459459457 0.5501302083333334 0.8612797260284424
0 0.7905405405405406 0.5143229166666666 0.7886100386100386 0.5169270833333334 0.7886100386100386 0.5234375 0.7948841698841699 0.5234375 0.7948841698841699 0.5143229166666666 0.8488946557044983
0 0.7273166023166023 0.4225260416666667 0.7273166023166023 0.4322916666666667 0.7345559845559846 0.4322916666666667 0.7355212355212355 0.4309895833333333 0.7355212355212355 0.4283854166666667 0.73503861003861 0.427734375 0.73503861003861 0.4251302083333333 0.7326254826254827 0.421875 0.7282818532818532 0.421875 0.7277992277992278 0.4225260416666667 0.8296200633049011
1 0.5183397683397684 0.5123697916666666 0.5178571428571429 0.5130208333333334 0.5178571428571429 0.5201822916666666 0.5226833976833977 0.5201822916666666 0.5226833976833977 0.513671875 0.5212355212355212 0.51171875 0.5193050193050193 0.51171875 0.5188223938223938 0.5123697916666666 0.7211605906486511
0 0.652027027027027 0.4446614583333333 0.652027027027027 0.453125 0.6592664092664092 0.453125 0.6592664092664092 0.4459635416666667 0.6578185328185329 0.4440104166666667 0.6554054054054054 0.4440104166666667 0.6549227799227799 0.443359375 0.653957528957529 0.443359375 0.6534749034749034 0.4440104166666667 0.6525096525096525 0.4440104166666667 0.7164850831031799
0 0.8112934362934363 0.517578125 0.8108108108108109 0.517578125 0.8103281853281853 0.5169270833333334 0.8098455598455598 0.5169270833333334 0.8093629343629344 0.517578125 0.8079150579150579 0.517578125 0.8074324324324325 0.5182291666666666 0.806949806949807 0.5182291666666666 0.806949806949807 0.5234375 0.8117760617760618 0.5234375 0.8117760617760618 0.5188802083333334 0.8112934362934363 0.5182291666666666 0.7099936604499817
1 0.40685328185328185 0.4674479166666667 0.40540540540540543 0.4694010416666667 0.40540540540540543 0.48046875 0.4058880308880309 0.4811197916666667 0.4126447876447876 0.4811197916666667 0.4126447876447876 0.4713541666666667 0.41167953667953666 0.4700520833333333 0.41023166023166024 0.4694010416666667 0.40878378378378377 0.4674479166666667 0.6905151009559631
0 0.7799227799227799 0.5390625 0.7799227799227799 0.5442708333333334 0.7847490347490348 0.5442708333333334 0.7847490347490348 0.54296875 0.7852316602316602 0.5423177083333334 0.7852316602316602 0.5416666666666666 0.7842664092664092 0.5403645833333334 0.7842664092664092 0.5397135416666666 0.7837837837837838 0.5397135416666666 0.7833011583011583 0.5390625 0.6901220083236694
1 0.6771235521235521 0.3723958333333333 0.6766409266409267 0.373046875 0.6756756756756757 0.373046875 0.6751930501930502 0.3736979166666667 0.6742277992277992 0.3736979166666667 0.6737451737451737 0.3743489583333333 0.6737451737451737 0.3815104166666667 0.6742277992277992 0.3821614583333333 0.6795366795366795 0.3821614583333333 0.6795366795366795 0.3802083333333333 0.680019305019305 0.3795572916666667 0.680019305019305 0.3776041666666667 0.6795366795366795 0.376953125 0.6795366795366795 0.3763020833333333 0.6790540540540541 0.3756510416666667 0.6790540540540541 0.375 0.6768821477890015
1 0.8373552123552124 0.591796875 0.8373552123552124 0.59765625 0.8455598455598455 0.59765625 0.846042471042471 0.5970052083333334 0.846042471042471 0.5911458333333334 0.8455598455598455 0.5904947916666666 0.8402509652509652 0.5904947916666666 0.8397683397683398 0.5911458333333334 0.8383204633204633 0.5911458333333334 0.8378378378378378 0.591796875 0.6638945937156677
2 0.5511583011583011 0.4518229166666667 0.5501930501930502 0.453125 0.5501930501930502 0.4615885416666667 0.5540540540540541 0.4615885416666667 0.5540540540540541 0.4596354166666667 0.5545366795366795 0.458984375 0.5545366795366795 0.4563802083333333 0.5540540540540541 0.4557291666666667 0.5540540540540541 0.4544270833333333 0.5535714285714286 0.4537760416666667 0.5535714285714286 0.453125 0.553088803088803 0.4524739583333333 0.553088803088803 0.4518229166666667 0.6507412791252136
1 0.8064671814671814 0.42578125 0.8055019305019305 0.4270833333333333 0.8055019305019305 0.4348958333333333 0.8112934362934363 0.4348958333333333 0.8112934362934363 0.4283854166666667 0.8103281853281853 0.4270833333333333 0.8093629343629344 0.4270833333333333 0.8088803088803089 0.4264322916666667 0.8074324324324325 0.4264322916666667 0.806949806949807 0.42578125 0.5554606318473816
