0 0.7282818532818532 0.33984375 0.7277992277992278 0.3404947916666667 0.7277992277992278 0.3483072916666667 0.7287644787644788 0.349609375 0.7335907335907336 0.349609375 0.7335907335907336 0.3489583333333333 0.7345559845559846 0.34765625 0.7345559845559846 0.3470052083333333 0.73503861003861 0.3463541666666667 0.73503861003861 0.345703125 0.7345559845559846 0.3450520833333333 0.7345559845559846 0.34375 0.734073359073359 0.3430989583333333 0.734073359073359 0.341796875 0.7335907335907336 0.3411458333333333 0.7335907335907336 0.3404947916666667 0.7331081081081081 0.33984375 0.8867096900939941
1 0.6172779922779923 0.3450520833333333 0.6163127413127413 0.345703125 0.6138996138996139 0.3489583333333333 0.6138996138996139 0.3619791666666667 0.6143822393822393 0.3626302083333333 0.6230694980694981 0.3626302083333333 0.624034749034749 0.3606770833333333 0.624034749034749 0.359375 0.625 0.3567708333333333 0.625 0.35546875 0.6245173745173745 0.3548177083333333 0.6245173745173745 0.3509114583333333 0.624034749034749 0.3502604166666667 0.624034749034749 0.3489583333333333 0.6235521235521235 0.34765625 0.622104247104247 0.345703125 0.6211389961389961 0.3450520833333333 0.8386116623878479
1 0.553088803088803 0.4114583333333333 0.553088803088803 0.423828125 0.5583976833976834 0.423828125 0.5583976833976834 0.4231770833333333 0.5588803088803089 0.4225260416666667 0.5588803088803089 0.416015625 0.5583976833976834 0.4153645833333333 0.5583976833976834 0.4134114583333333 0.5579150579150579 0.4127604166666667 0.5579150579150579 0.412109375 0.556949806949807 0.4108072916666667 0.556949806949807 0.41015625 0.5555019305019305 0.41015625 0.555019305019305 0.4108072916666667 0.5540540540540541 0.4108072916666667 0.5535714285714286 0.4114583333333333 0.8330687880516052
1 0.5361969111969112 0.4811197916666667 0.5361969111969112 0.4928385416666667 0.541988416988417 0.4928385416666667 0.541988416988417 0.484375 0.5415057915057915 0.4837239583333333 0.5415057915057915 0.4830729166666667 0.5405405405405406 0.4817708333333333 0.5395752895752896 0.4817708333333333 0.5390926640926641 0.4811197916666667 0.8104456663131714
1 0.8672779922779923 0.4114583333333333 0.8663127413127413 0.4127604166666667 0.8663127413127413 0.421875 0.8667953667953668 0.4225260416666667 0.8667953667953668 0.4231770833333333 0.8672779922779923 0.423828125 0.8725868725868726 0.423828125 0.8730694980694981 0.4231770833333333 0.8730694980694981 0.412109375 0.8725868725868726 0.4114583333333333 0.8716216216216216 0.4114583333333333 0.8711389961389961 0.4108072916666667 0.8682432432432432 0.4108072916666667 0.8677606177606177 0.4114583333333333 0.7827582955360413
0 0.8093629343629344 0.4264322916666667 0.8093629343629344 0.4401041666666667 0.8156370656370656 0.4401041666666667 0.8156370656370656 0.439453125 0.8166023166023166 0.4375 0.8166023166023166 0.431640625 0.8161196911196911 0.4309895833333333 0.8161196911196911 0.4296875 0.8141891891891891 0.4270833333333333 0.8137065637065637 0.4270833333333333 0.8132239382239382 0.4264322916666667 0.7824283242225647
1 0.8383204633204633 0.5345052083333334 0.8378378378378378 0.53515625 0.8378378378378378 0.5455729166666666 0.8431467181467182 0.5455729166666666 0.8436293436293436 0.544921875 0.8436293436293436 0.54296875 0.8441119691119691 0.5423177083333334 0.8441119691119691 0.541015625 0.8436293436293436 0.5403645833333334 0.8436293436293436 0.537109375 0.8431467181467182 0.5364583333333334 0.8431467181467182 0.5358072916666666 0.8416988416988417 0.5338541666666666 0.8402509652509652 0.5338541666666666 0.8397683397683398 0.5345052083333334 0.7739102840423584
1 0.8228764478764479 0.3326822916666667 0.8223938223938224 0.3326822916666667 0.821911196911197 0.33203125 0.8214285714285714 0.33203125 0.8209459459459459 0.3326822916666667 0.8170849420849421 0.3326822916666667 0.8166023166023166 0.3333333333333333 0.8151544401544402 0.3333333333333333 0.8146718146718147 0.333984375 0.8141891891891891 0.333984375 0.8127413127413128 0.3359375 0.8127413127413128 0.3470052083333333 0.8132239382239382 0.34765625 0.8223938223938224 0.34765625 0.8223938223938224 0.3470052083333333 0.8233590733590733 0.3450520833333333 0.8233590733590733 0.34375 0.8243243243243243 0.341796875 0.8243243243243243 0.3365885416666667 0.8238416988416989 0.3359375 0.8238416988416989 0.3346354166666667 0.7319286465644836
1 0.8527992277992278 0.44921875 0.8523166023166023 0.44921875 0.8508687258687259 0.4479166666666667 0.849903474903475 0.4479166666666667 0.8494208494208494 0.447265625 0.8489382239382239 0.447265625 0.8484555984555985 0.4479166666666667 0.8474903474903475 0.4479166666666667 0.847007722007722 0.4485677083333333 0.8455598455598455 0.44921875 0.8445945945945946 0.4505208333333333 0.8445945945945946 0.451171875 0.8441119691119691 0.4518229166666667 0.8441119691119691 0.4641927083333333 0.8527992277992278 0.4641927083333333 0.8537644787644788 0.462890625 0.8537644787644788 0.4622395833333333 0.8542471042471043 0.4615885416666667 0.8542471042471043 0.451171875 0.6630777716636658
0 0.8363899613899614 0.279296875 0.8359073359073359 0.2799479166666667 0.8359073359073359 0.2890625 0.8363899613899614 0.2897135416666667 0.8363899613899614 0.2903645833333333 0.8421814671814671 0.2903645833333333 0.8431467181467182 0.2890625 0.8431467181467182 0.2884114583333333 0.8436293436293436 0.2877604166666667 0.8436293436293436 0.2864583333333333 0.8441119691119691 0.2858072916666667 0.8441119691119691 0.2845052083333333 0.8445945945945946 0.2838541666666667 0.8445945945945946 0.2819010416666667 0.8421814671814671 0.2786458333333333 0.8373552123552124 0.2786458333333333 0.8368725868725869 0.279296875 0.6180753707885742
1 0.693050193050193 0.4231770833333333 0.6920849420849421 0.4231770833333333 0.6916023166023166 0.423828125 0.6891891891891891 0.423828125 0.6887065637065637 0.4244791666666667 0.6887065637065637 0.435546875 0.6944980694980695 0.435546875 0.6944980694980695 0.4348958333333333 0.694980694980695 0.4342447916666667 0.694980694980695 0.427734375 0.6944980694980695 0.4270833333333333 0.6944980694980695 0.42578125 0.694015444015444 0.4251302083333333 0.694015444015444 0.4244791666666667 0.6002007126808167
0 0.8277027027027027 0.3990885416666667 0.8272200772200772 0.3997395833333333 0.8272200772200772 0.4114583333333333 0.8277027027027027 0.412109375 0.8344594594594594 0.412109375 0.8344594594594594 0.4114583333333333 0.834942084942085 0.4108072916666667 0.834942084942085 0.40234375 0.8334942084942085 0.400390625 0.833011583011583 0.400390625 0.8315637065637066 0.3990885416666667 0.5064398050308228
