1 0.668918918918919 0.470703125 0.6674710424710425 0.47265625 0.6674710424710425 0.4733072916666667 0.666988416988417 0.4739583333333333 0.666988416988417 0.4817708333333333 0.6742277992277992 0.4817708333333333 0.6742277992277992 0.48046875 0.6747104247104247 0.4798177083333333 0.6747104247104247 0.4759114583333333 0.6742277992277992 0.4752604166666667 0.6742277992277992 0.4739583333333333 0.6737451737451737 0.4733072916666667 0.6737451737451737 0.47265625 0.6732625482625483 0.4720052083333333 0.6732625482625483 0.4713541666666667 0.6718146718146718 0.4700520833333333 0.6698841698841699 0.4700520833333333 0.6694015444015444 0.470703125 0.9451756477355957
0 0.333011583011583 0.6458333333333334 0.33156370656370654 0.6477864583333334 0.33156370656370654 0.6549479166666666 0.33783783783783783 0.6549479166666666 0.33783783783783783 0.654296875 0.33832046332046334 0.6536458333333334 0.33832046332046334 0.6490885416666666 0.33783783783783783 0.6484375 0.33783783783783783 0.6471354166666666 0.3363899613899614 0.6451822916666666 0.333976833976834 0.6451822916666666 0.3334942084942085 0.6458333333333334 0.9387226700782776
1 0.6438223938223938 0.591796875 0.6423745173745173 0.59375 0.6423745173745173 0.6048177083333334 0.6462355212355212 0.6100260416666666 0.6472007722007722 0.6106770833333334 0.6558880308880309 0.6106770833333334 0.6568532818532818 0.609375 0.6568532818532818 0.6009114583333334 0.6554054054054054 0.5970052083333334 0.6534749034749034 0.595703125 0.652027027027027 0.59375 0.6505791505791506 0.5930989583333334 0.6496138996138996 0.591796875 0.6481660231660231 0.591796875 0.6476833976833977 0.5911458333333334 0.6447876447876448 0.5911458333333334 0.9306975603103638
0 0.8204633204633205 0.6341145833333334 0.8204633204633205 0.640625 0.8267374517374517 0.640625 0.8267374517374517 0.6354166666666666 0.8257722007722008 0.6341145833333334 0.8252895752895753 0.6341145833333334 0.8243243243243243 0.6328125 0.8223938223938224 0.6328125 0.821911196911197 0.6334635416666666 0.8209459459459459 0.6334635416666666 0.9294530153274536
1 0.8812741312741312 0.546875 0.8798262548262549 0.548828125 0.8798262548262549 0.5494791666666666 0.8788610038610039 0.5514322916666666 0.8788610038610039 0.5540364583333334 0.8793436293436293 0.5546875 0.8793436293436293 0.560546875 0.8875482625482626 0.560546875 0.8875482625482626 0.5514322916666666 0.8865830115830116 0.5501302083333334 0.8865830115830116 0.5494791666666666 0.8861003861003861 0.5494791666666666 0.8856177606177607 0.548828125 0.8856177606177607 0.5481770833333334 0.8851351351351351 0.5481770833333334 0.8836872586872587 0.546875 0.9281148910522461
1 0.8711389961389961 0.4694010416666667 0.8701737451737451 0.470703125 0.8701737451737451 0.4765625 0.874034749034749 0.4765625 0.8745173745173745 0.4759114583333333 0.8745173745173745 0.4720052083333333 0.874034749034749 0.4713541666666667 0.874034749034749 0.470703125 0.8735521235521235 0.4700520833333333 0.8735521235521235 0.4694010416666667 0.9194508790969849
2 0.41505791505791506 0.390625 0.41505791505791506 0.3912760416666667 0.4140926640926641 0.392578125 0.4140926640926641 0.3932291666666667 0.4136100386100386 0.3938802083333333 0.4136100386100386 0.4016927083333333 0.4198841698841699 0.4016927083333333 0.4198841698841699 0.3990885416666667 0.4194015444015444 0.3984375 0.4194015444015444 0.3977864583333333 0.4189189189189189 0.3971354166666667 0.4189189189189189 0.396484375 0.41843629343629346 0.3958333333333333 0.41843629343629346 0.39453125 0.41795366795366795 0.3938802083333333 0.41795366795366795 0.392578125 0.4174710424710425 0.3919270833333333 0.4165057915057915 0.3919270833333333 0.416023166023166 0.3912760416666667 0.4155405405405405 0.3912760416666667 0.9137678146362305
1 0.6935328185328186 0.51953125 0.693050193050193 0.5201822916666666 0.6916023166023166 0.5201822916666666 0.6901544401544402 0.5221354166666666 0.6901544401544402 0.529296875 0.6954633204633205 0.529296875 0.6954633204633205 0.5286458333333334 0.6959459459459459 0.5279947916666666 0.6959459459459459 0.5234375 0.6954633204633205 0.5227864583333334 0.6954633204633205 0.5221354166666666 0.9070378541946411
1 0.44884169884169883 0.6282552083333334 0.44884169884169883 0.6373697916666666 0.44932432432432434 0.6380208333333334 0.45415057915057916 0.6380208333333334 0.45415057915057916 0.6328125 0.4531853281853282 0.6315104166666666 0.4531853281853282 0.630859375 0.45222007722007723 0.6295572916666666 0.45222007722007723 0.62890625 0.45125482625482627 0.6276041666666666 0.45077220077220076 0.6282552083333334 0.9050264954566956
1 0.40202702702702703 0.5709635416666666 0.40202702702702703 0.5768229166666666 0.4058880308880309 0.5768229166666666 0.4058880308880309 0.5729166666666666 0.40540540540540543 0.572265625 0.40540540540540543 0.5716145833333334 0.4049227799227799 0.5709635416666666 0.8956093788146973
0 0.8812741312741312 0.587890625 0.8803088803088803 0.5891927083333334 0.8754826254826255 0.591796875 0.8730694980694981 0.5963541666666666 0.8730694980694981 0.609375 0.874034749034749 0.6119791666666666 0.8764478764478765 0.615234375 0.8875482625482626 0.615234375 0.8894787644787645 0.6126302083333334 0.88996138996139 0.6080729166666666 0.8904440154440154 0.607421875 0.88996138996139 0.59765625 0.8841698841698842 0.5885416666666666 0.8817567567567568 0.5885416666666666 0.8874009251594543
1 0.3127413127413127 0.5872395833333334 0.31177606177606176 0.5885416666666666 0.3112934362934363 0.5885416666666666 0.3108108108108108 0.5891927083333334 0.3108108108108108 0.595703125 0.3156370656370656 0.595703125 0.3156370656370656 0.5891927083333334 0.3141891891891892 0.5872395833333334 0.8767863512039185
2 0.638996138996139 0.41015625 0.6385135135135135 0.41015625 0.638030888030888 0.4108072916666667 0.6375482625482626 0.4108072916666667 0.6375482625482626 0.4134114583333333 0.6394787644787645 0.4134114583333333 0.6394787644787645 0.4108072916666667 0.8580366373062134
1 0.4657335907335907 0.6061197916666666 0.4657335907335907 0.6119791666666666 0.4691119691119691 0.6119791666666666 0.4691119691119691 0.6087239583333334 0.4686293436293436 0.6080729166666666 0.4686293436293436 0.607421875 0.4671814671814672 0.60546875 0.4666988416988417 0.60546875 0.46621621621621623 0.6061197916666666 0.8251643180847168
1 0.790057915057915 0.482421875 0.7890926640926641 0.4837239583333333 0.7890926640926641 0.4895833333333333 0.792953667953668 0.4895833333333333 0.792953667953668 0.4837239583333333 0.7924710424710425 0.4830729166666667 0.7915057915057915 0.4830729166666667 0.791023166023166 0.482421875 0.8203907608985901
1 0.8305984555984556 0.6979166666666666 0.8301158301158301 0.6985677083333334 0.8301158301158301 0.69921875 0.8296332046332047 0.6998697916666666 0.8296332046332047 0.7063802083333334 0.8344594594594594 0.7063802083333334 0.8344594594594594 0.7005208333333334 0.833976833976834 0.6998697916666666 0.833976833976834 0.69921875 0.833011583011583 0.6979166666666666 0.8203141689300537
1 0.13996138996138996 0.5384114583333334 0.13947876447876448 0.5377604166666666 0.13803088803088803 0.5377604166666666 0.13754826254826255 0.5384114583333334 0.1365830115830116 0.5384114583333334 0.13561776061776062 0.5397135416666666 0.13561776061776062 0.5423177083333334 0.13996138996138996 0.5423177083333334 0.14044401544401544 0.5416666666666666 0.14044401544401544 0.5403645833333334 0.13996138996138996 0.5397135416666666 0.8160157799720764
0 0.6414092664092664 0.5514322916666666 0.640926640926641 0.5520833333333334 0.640926640926641 0.552734375 0.63996138996139 0.5540364583333334 0.63996138996139 0.5611979166666666 0.6472007722007722 0.5611979166666666 0.6472007722007722 0.5546875 0.6443050193050193 0.55078125 0.6433397683397684 0.55078125 0.6428571428571429 0.5514322916666666 0.8095431327819824
1 0.3783783783783784 0.5442708333333334 0.3783783783783784 0.552734375 0.38465250965250963 0.552734375 0.38465250965250963 0.5481770833333334 0.3832046332046332 0.5462239583333334 0.3827220077220077 0.5462239583333334 0.3812741312741313 0.5442708333333334 0.808933675289154
1 0.35376447876447875 0.6119791666666666 0.35376447876447875 0.6165364583333334 0.35859073359073357 0.6165364583333334 0.35859073359073357 0.6139322916666666 0.3581081081081081 0.61328125 0.3581081081081081 0.6126302083333334 0.3576254826254826 0.6126302083333334 0.35714285714285715 0.6119791666666666 0.35666023166023164 0.6119791666666666 0.3561776061776062 0.611328125 0.3556949806949807 0.611328125 0.3552123552123552 0.6106770833333334 0.35424710424710426 0.6119791666666666 0.7965805530548096
1 0.1780888030888031 0.4973958333333333 0.1780888030888031 0.5 0.1833976833976834 0.5 0.1833976833976834 0.4986979166666667 0.18243243243243243 0.4973958333333333 0.18194980694980695 0.4973958333333333 0.18146718146718147 0.4967447916666667 0.17953667953667954 0.4967447916666667 0.17905405405405406 0.4973958333333333 0.794216513633728
0 0.8764478764478765 0.548828125 0.875965250965251 0.548828125 0.875 0.5475260416666666 0.874034749034749 0.5475260416666666 0.8735521235521235 0.546875 0.8730694980694981 0.5475260416666666 0.8725868725868726 0.5475260416666666 0.8711389961389961 0.5494791666666666 0.8711389961389961 0.5501302083333334 0.8706563706563707 0.55078125 0.8706563706563707 0.5553385416666666 0.875965250965251 0.5553385416666666 0.8764478764478765 0.5546875 0.7928875684738159
1 0.8566602316602316 0.6321614583333334 0.8566602316602316 0.6328125 0.8556949806949807 0.6341145833333334 0.8556949806949807 0.640625 0.8614864864864865 0.640625 0.861969111969112 0.6399739583333334 0.861969111969112 0.6393229166666666 0.8614864864864865 0.638671875 0.8614864864864865 0.6354166666666666 0.861003861003861 0.634765625 0.861003861003861 0.6341145833333334 0.8605212355212355 0.6334635416666666 0.8605212355212355 0.6328125 0.86003861003861 0.6328125 0.8595559845559846 0.6321614583333334 0.859073359073359 0.6321614583333334 0.8585907335907336 0.6315104166666666 0.8576254826254827 0.6315104166666666 0.8571428571428571 0.6321614583333334 0.761340320110321
2 0.4734555984555985 0.478515625 0.47297297297297297 0.4791666666666667 0.47297297297297297 0.486328125 0.4734555984555985 0.4869791666666667 0.4782818532818533 0.4869791666666667 0.47876447876447875 0.486328125 0.47876447876447875 0.4850260416666667 0.4768339768339768 0.482421875 0.4768339768339768 0.4817708333333333 0.47586872586872586 0.48046875 0.47586872586872586 0.4798177083333333 0.4749034749034749 0.478515625 0.4749034749034749 0.4778645833333333 0.47442084942084944 0.478515625 0.6876787543296814
1 0.5236486486486487 0.3756510416666667 0.5236486486486487 0.376953125 0.5275096525096525 0.376953125 0.5275096525096525 0.3756510416666667 0.5265444015444015 0.3756510416666667 0.5260617760617761 0.375 0.5246138996138996 0.375 0.5241312741312741 0.3756510416666667 0.6214302778244019
0 0.625 0.6354166666666666 0.625 0.6380208333333334 0.6283783783783784 0.6380208333333334 0.6288610038610039 0.6373697916666666 0.6288610038610039 0.634765625 0.6283783783783784 0.6341145833333334 0.625965250965251 0.6341145833333334 0.6209686994552612
0 0.8132239382239382 0.51953125 0.8122586872586872 0.5208333333333334 0.8122586872586872 0.5247395833333334 0.8161196911196911 0.5247395833333334 0.8161196911196911 0.5201822916666666 0.8156370656370656 0.51953125 0.5935153961181641
0 0.9010617760617761 0.634765625 0.9010617760617761 0.6373697916666666 0.903957528957529 0.6373697916666666 0.9044401544401545 0.63671875 0.9044401544401545 0.6360677083333334 0.9034749034749034 0.634765625 0.902992277992278 0.634765625 0.9025096525096525 0.6341145833333334 0.9015444015444015 0.6341145833333334 0.5360482335090637
2 0.12113899613899613 0.6100260416666666 0.12113899613899613 0.6126302083333334 0.1278957528957529 0.6126302083333334 0.1278957528957529 0.611328125 0.12596525096525096 0.6087239583333334 0.125 0.6087239583333334 0.12451737451737452 0.6080729166666666 0.12306949806949807 0.6080729166666666 0.12258687258687259 0.6087239583333334 0.12210424710424711 0.6087239583333334 0.5302322506904602
1 0.5376447876447876 0.5709635416666666 0.5371621621621622 0.5716145833333334 0.5371621621621622 0.576171875 0.5405405405405406 0.576171875 0.5405405405405406 0.572265625 0.5395752895752896 0.5709635416666666 0.5294100046157837
