1 0.793918918918919 0.5970052083333334 0.792953667953668 0.5989583333333334 0.792953667953668 0.6087239583333334 0.7934362934362934 0.609375 0.7934362934362934 0.6100260416666666 0.7944015444015444 0.611328125 0.7944015444015444 0.6119791666666666 0.8011583011583011 0.6119791666666666 0.8016409266409267 0.611328125 0.8016409266409267 0.6106770833333334 0.8026061776061776 0.609375 0.8026061776061776 0.6028645833333334 0.8021235521235521 0.6022135416666666 0.8021235521235521 0.6009114583333334 0.8011583011583011 0.599609375 0.8011583011583011 0.5989583333333334 0.7987451737451737 0.5963541666666666 0.7948841698841699 0.5963541666666666 0.7944015444015444 0.5970052083333334 0.9489752650260925
2 0.6756756756756757 0.4635416666666667 0.6742277992277992 0.4654947916666667 0.6742277992277992 0.4661458333333333 0.6737451737451737 0.466796875 0.6737451737451737 0.474609375 0.6785714285714286 0.474609375 0.6785714285714286 0.4733072916666667 0.6790540540540541 0.47265625 0.6790540540540541 0.4654947916666667 0.6785714285714286 0.46484375 0.6785714285714286 0.4641927083333333 0.678088803088803 0.4635416666666667 0.9331572651863098
1 0.7113899613899614 0.474609375 0.7113899613899614 0.4817708333333333 0.7176640926640927 0.4817708333333333 0.7176640926640927 0.48046875 0.7181467181467182 0.4798177083333333 0.7181467181467182 0.474609375 0.7176640926640927 0.4739583333333333 0.7176640926640927 0.4733072916666667 0.7171814671814671 0.47265625 0.7138030888030888 0.47265625 0.7133204633204633 0.4733072916666667 0.7128378378378378 0.4733072916666667 0.7123552123552124 0.4739583333333333 0.7118725868725869 0.4739583333333333 0.9304060339927673
2 0.599903474903475 0.4876302083333333 0.599903474903475 0.4954427083333333 0.6042471042471043 0.4954427083333333 0.6042471042471043 0.4934895833333333 0.6037644787644788 0.4928385416666667 0.6037644787644788 0.4921875 0.6042471042471043 0.4915364583333333 0.6042471042471043 0.48828125 0.6032818532818532 0.4869791666666667 0.6008687258687259 0.4869791666666667 0.6003861003861004 0.4876302083333333 0.9267733097076416
1 0.86003861003861 0.6243489583333334 0.859073359073359 0.6263020833333334 0.859073359073359 0.6334635416666666 0.8605212355212355 0.6354166666666666 0.8663127413127413 0.6354166666666666 0.8663127413127413 0.634765625 0.8667953667953668 0.6341145833333334 0.8667953667953668 0.6282552083333334 0.8663127413127413 0.6276041666666666 0.8663127413127413 0.626953125 0.8643822393822393 0.6243489583333334 0.8638996138996139 0.6243489583333334 0.8634169884169884 0.6236979166666666 0.861003861003861 0.6236979166666666 0.8605212355212355 0.6243489583333334 0.9193766117095947
2 0.8392857142857143 0.478515625 0.8388030888030888 0.4791666666666667 0.8388030888030888 0.4798177083333333 0.8378378378378378 0.4811197916666667 0.8378378378378378 0.490234375 0.8412162162162162 0.490234375 0.8421814671814671 0.4889322916666667 0.8421814671814671 0.4876302083333333 0.8426640926640927 0.4869791666666667 0.8426640926640927 0.48046875 0.8421814671814671 0.4798177083333333 0.8421814671814671 0.4791666666666667 0.8416988416988417 0.478515625 0.8989492654800415
1 0.5053088803088803 0.466796875 0.5043436293436293 0.4680989583333333 0.5043436293436293 0.4759114583333333 0.5096525096525096 0.4759114583333333 0.5096525096525096 0.4694010416666667 0.5091698841698842 0.46875 0.5091698841698842 0.4674479166666667 0.5086872586872587 0.466796875 0.5082046332046332 0.466796875 0.5077220077220077 0.4661458333333333 0.5062741312741312 0.4661458333333333 0.5057915057915058 0.466796875 0.8971756100654602
2 0.44642857142857145 0.4264322916666667 0.44594594594594594 0.4270833333333333 0.4454633204633205 0.4270833333333333 0.4444980694980695 0.4283854166666667 0.4444980694980695 0.4361979166666667 0.444980694980695 0.4368489583333333 0.444980694980695 0.4375 0.4473938223938224 0.4375 0.44787644787644787 0.4368489583333333 0.44787644787644787 0.4361979166666667 0.44932432432432434 0.4342447916666667 0.44932432432432434 0.4283854166666667 0.44884169884169883 0.4283854166666667 0.4483590733590734 0.427734375 0.44787644787644787 0.427734375 0.4473938223938224 0.4270833333333333 0.4469111969111969 0.4270833333333333 0.893559992313385
1 0.7693050193050193 0.4778645833333333 0.7688223938223938 0.478515625 0.7688223938223938 0.4876302083333333 0.7760617760617761 0.4876302083333333 0.7765444015444015 0.4869791666666667 0.7765444015444015 0.48046875 0.7760617760617761 0.4798177083333333 0.7760617760617761 0.4791666666666667 0.775096525096525 0.4778645833333333 0.775096525096525 0.4772135416666667 0.7746138996138996 0.4765625 0.7712355212355212 0.4765625 0.7707528957528957 0.4772135416666667 0.7702702702702703 0.4772135416666667 0.7697876447876448 0.4778645833333333 0.8113495707511902
2 0.20897683397683398 0.626953125 0.20897683397683398 0.6321614583333334 0.2138030888030888 0.6321614583333334 0.2133204633204633 0.6315104166666666 0.2133204633204633 0.6295572916666666 0.21187258687258687 0.6276041666666666 0.21138996138996138 0.6276041666666666 0.2109073359073359 0.626953125 0.20994208494208494 0.626953125 0.20945945945945946 0.6263020833333334 0.779278039932251
2 0.542953667953668 0.4420572916666667 0.541988416988417 0.443359375 0.541988416988417 0.44921875 0.5458494208494209 0.44921875 0.5458494208494209 0.4427083333333333 0.5453667953667953 0.4420572916666667 0.7588687539100647
0 0.7799227799227799 0.5091145833333334 0.7784749034749034 0.5110677083333334 0.7784749034749034 0.517578125 0.7842664092664092 0.517578125 0.7842664092664092 0.5110677083333334 0.7833011583011583 0.509765625 0.7828185328185329 0.509765625 0.7823359073359073 0.5091145833333334 0.7582405805587769
1 0.6602316602316602 0.5768229166666666 0.6592664092664092 0.5755208333333334 0.6587837837837838 0.5755208333333334 0.6573359073359073 0.57421875 0.6563706563706564 0.57421875 0.6558880308880309 0.5748697916666666 0.6534749034749034 0.5748697916666666 0.652992277992278 0.5755208333333334 0.6525096525096525 0.5755208333333334 0.6510617760617761 0.5774739583333334 0.6510617760617761 0.578125 0.6505791505791506 0.5787760416666666 0.6505791505791506 0.5859375 0.6510617760617761 0.5865885416666666 0.6510617760617761 0.5872395833333334 0.6597490347490348 0.5872395833333334 0.6607142857142857 0.5852864583333334 0.6607142857142857 0.5833333333333334 0.6611969111969112 0.5826822916666666 0.6611969111969112 0.580078125 0.6607142857142857 0.5794270833333334 0.6607142857142857 0.578125 0.6602316602316602 0.5774739583333334 0.575959324836731
2 0.7326254826254827 0.5123697916666666 0.7321428571428571 0.5130208333333334 0.7302123552123552 0.5130208333333334 0.7297297297297297 0.513671875 0.7297297297297297 0.5188802083333334 0.7331081081081081 0.5188802083333334 0.7331081081081081 0.5130208333333334 0.5517664551734924
