2 0.2997104247104247 0.5442708333333334 0.2997104247104247 0.5514322916666666 0.30067567567567566 0.552734375 0.30115830115830117 0.552734375 0.30357142857142855 0.5553385416666666 0.31177606177606176 0.5553385416666666 0.31177606177606176 0.552734375 0.3108108108108108 0.5514322916666666 0.31032818532818535 0.5514322916666666 0.305984555984556 0.5455729166666666 0.305984555984556 0.544921875 0.3055019305019305 0.5442708333333334 0.305019305019305 0.5442708333333334 0.30357142857142855 0.54296875 0.3016409266409266 0.54296875 0.30115830115830117 0.5436197916666666 0.3001930501930502 0.5436197916666666 0.9694342017173767
1 0.01447876447876448 0.5852864583333334 0.01447876447876448 0.5904947916666666 0.019305019305019305 0.5904947916666666 0.019305019305019305 0.5859375 0.01833976833976834 0.5859375 0.017857142857142856 0.5852864583333334 0.9642722010612488
2 0.27944015444015446 0.5755208333333334 0.2775096525096525 0.578125 0.27702702702702703 0.578125 0.2765444015444015 0.5787760416666666 0.27606177606177607 0.5787760416666666 0.2750965250965251 0.580078125 0.2746138996138996 0.580078125 0.27413127413127414 0.5807291666666666 0.27364864864864863 0.5807291666666666 0.27075289575289574 0.5846354166666666 0.27075289575289574 0.5852864583333334 0.2702702702702703 0.5859375 0.27557915057915056 0.5859375 0.2765444015444015 0.5846354166666666 0.27702702702702703 0.5846354166666666 0.2775096525096525 0.583984375 0.277992277992278 0.583984375 0.2784749034749035 0.5833333333333334 0.2784749034749035 0.5826822916666666 0.27895752895752896 0.58203125 0.27944015444015446 0.58203125 0.9572935104370117
2 0.2953667953667954 0.5930989583333334 0.2953667953667954 0.59375 0.2944015444015444 0.595703125 0.2944015444015444 0.5970052083333334 0.2939189189189189 0.59765625 0.2939189189189189 0.607421875 0.30067567567567566 0.607421875 0.30067567567567566 0.6067708333333334 0.3016409266409266 0.60546875 0.3016409266409266 0.603515625 0.30115830115830117 0.6028645833333334 0.30115830115830117 0.6022135416666666 0.3001930501930502 0.6009114583333334 0.3001930501930502 0.6002604166666666 0.29922779922779924 0.5989583333333334 0.29922779922779924 0.5983072916666666 0.29874517374517373 0.59765625 0.2982625482625483 0.595703125 0.29777992277992277 0.5950520833333334 0.29633204633204635 0.5944010416666666 0.9492053389549255
2 0.6023166023166023 0.564453125 0.6023166023166023 0.5696614583333334 0.6037644787644788 0.5716145833333334 0.609073359073359 0.5716145833333334 0.609073359073359 0.5696614583333334 0.6085907335907336 0.5690104166666666 0.6085907335907336 0.568359375 0.6076254826254827 0.5670572916666666 0.6076254826254827 0.56640625 0.6071428571428571 0.5657552083333334 0.6066602316602316 0.5657552083333334 0.6056949806949807 0.564453125 0.9434710741043091
2 0.004826254826254826 0.580078125 0.004826254826254826 0.5833333333333334 0.010135135135135136 0.5833333333333334 0.010135135135135136 0.5826822916666666 0.008204633204633204 0.580078125 0.00723938223938224 0.580078125 0.006756756756756757 0.5794270833333334 0.005791505791505791 0.5794270833333334 0.005308880308880309 0.580078125 0.9418274164199829
1 0.3441119691119691 0.5494791666666666 0.3441119691119691 0.560546875 0.34555984555984554 0.5625 0.3465250965250965 0.5651041666666666 0.3474903474903475 0.56640625 0.3552123552123552 0.56640625 0.35714285714285715 0.5631510416666666 0.35714285714285715 0.55859375 0.3561776061776062 0.5572916666666666 0.3561776061776062 0.5559895833333334 0.3556949806949807 0.5546875 0.35376447876447875 0.5520833333333334 0.35376447876447875 0.55078125 0.3527992277992278 0.548828125 0.35135135135135137 0.548828125 0.35086872586872586 0.5481770833333334 0.34555984555984554 0.5481770833333334 0.9358288645744324
0 0.8494208494208494 0.4895833333333333 0.8494208494208494 0.4954427083333333 0.8552123552123552 0.4954427083333333 0.8552123552123552 0.490234375 0.8547297297297297 0.4895833333333333 0.8542471042471043 0.4895833333333333 0.8527992277992278 0.4876302083333333 0.8518339768339769 0.4876302083333333 0.8513513513513513 0.48828125 0.8503861003861004 0.48828125 0.9335705041885376
1 0.40685328185328185 0.466796875 0.4063706563706564 0.4674479166666667 0.4063706563706564 0.4680989583333333 0.40540540540540543 0.4700520833333333 0.40540540540540543 0.4791666666666667 0.4063706563706564 0.48046875 0.4126447876447876 0.48046875 0.4126447876447876 0.47265625 0.41167953667953666 0.4713541666666667 0.41167953667953666 0.470703125 0.4092664092664093 0.4674479166666667 0.40878378378378377 0.4674479166666667 0.4083011583011583 0.466796875 0.9315316081047058
1 0.8291505791505791 0.4609375 0.8281853281853282 0.4596354166666667 0.8277027027027027 0.4596354166666667 0.8272200772200772 0.458984375 0.8257722007722008 0.458984375 0.8252895752895753 0.4596354166666667 0.8243243243243243 0.4596354166666667 0.8238416988416989 0.4602864583333333 0.8223938223938224 0.4602864583333333 0.821911196911197 0.4609375 0.8209459459459459 0.4609375 0.8204633204633205 0.4615885416666667 0.8194980694980695 0.4615885416666667 0.819015444015444 0.4622395833333333 0.8185328185328186 0.4622395833333333 0.8175675675675675 0.4641927083333333 0.8175675675675675 0.470703125 0.8243243243243243 0.470703125 0.8257722007722008 0.46875 0.8262548262548263 0.46875 0.8291505791505791 0.46484375 0.9311437606811523
2 0.23696911196911197 0.5462239583333334 0.23696911196911197 0.5520833333333334 0.23745173745173745 0.552734375 0.24565637065637067 0.552734375 0.24565637065637067 0.5481770833333334 0.24420849420849422 0.5481770833333334 0.24372586872586874 0.5475260416666666 0.24276061776061775 0.5475260416666666 0.24227799227799227 0.546875 0.24083011583011582 0.546875 0.24034749034749034 0.5462239583333334 0.23938223938223938 0.5462239583333334 0.2388996138996139 0.5455729166666666 0.2384169884169884 0.5455729166666666 0.23793436293436293 0.544921875 0.9212948679924011
2 0.8421814671814671 0.4453125 0.8421814671814671 0.4459635416666667 0.8416988416988417 0.4466145833333333 0.8416988416988417 0.455078125 0.846042471042471 0.455078125 0.846042471042471 0.4544270833333333 0.8465250965250966 0.4537760416666667 0.8465250965250966 0.4518229166666667 0.846042471042471 0.451171875 0.846042471042471 0.4505208333333333 0.8465250965250966 0.4498697916666667 0.8465250965250966 0.447265625 0.846042471042471 0.4466145833333333 0.846042471042471 0.4459635416666667 0.8450772200772201 0.4446614583333333 0.8436293436293436 0.4446614583333333 0.8431467181467182 0.4453125 0.9159289002418518
2 0.20704633204633205 0.5397135416666666 0.20656370656370657 0.5397135416666666 0.2055984555984556 0.541015625 0.2055984555984556 0.5416666666666666 0.20511583011583012 0.5423177083333334 0.20511583011583012 0.54296875 0.20463320463320464 0.5436197916666666 0.20415057915057916 0.5455729166666666 0.2031853281853282 0.546875 0.20270270270270271 0.548828125 0.20077220077220076 0.5514322916666666 0.20077220077220076 0.5559895833333334 0.20511583011583012 0.5559895833333334 0.20511583011583012 0.5553385416666666 0.20656370656370657 0.5533854166666666 0.20704633204633205 0.5533854166666666 0.20704633204633205 0.552734375 0.20752895752895753 0.5520833333333334 0.20752895752895753 0.5403645833333334 0.9055367112159729
2 0.625 0.4733072916666667 0.6245173745173745 0.4739583333333333 0.6245173745173745 0.4798177083333333 0.625 0.48046875 0.625 0.4811197916666667 0.6269305019305019 0.4837239583333333 0.6293436293436293 0.4837239583333333 0.6298262548262549 0.4830729166666667 0.6298262548262549 0.48046875 0.6293436293436293 0.4798177083333333 0.6293436293436293 0.478515625 0.6288610038610039 0.4778645833333333 0.6288610038610039 0.4772135416666667 0.625965250965251 0.4733072916666667 0.9016394019126892
0 0.652027027027027 0.4453125 0.652027027027027 0.4524739583333333 0.6587837837837838 0.4524739583333333 0.6592664092664092 0.4518229166666667 0.6592664092664092 0.447265625 0.6587837837837838 0.4466145833333333 0.6587837837837838 0.4459635416666667 0.6573359073359073 0.4440104166666667 0.653957528957529 0.4440104166666667 0.6534749034749034 0.4446614583333333 0.652992277992278 0.4446614583333333 0.6525096525096525 0.4453125 0.8975419998168945
2 0.3532818532818533 0.4934895833333333 0.3527992277992278 0.4928385416666667 0.3518339768339768 0.4928385416666667 0.35135135135135137 0.4934895833333333 0.35086872586872586 0.4934895833333333 0.3503861003861004 0.494140625 0.3499034749034749 0.494140625 0.34942084942084944 0.4947916666666667 0.34942084942084944 0.498046875 0.3527992277992278 0.498046875 0.35376447876447875 0.4967447916666667 0.35376447876447875 0.4947916666666667 0.3532818532818533 0.494140625 0.8878195285797119
1 0.8450772200772201 0.53515625 0.8445945945945946 0.5358072916666666 0.8445945945945946 0.537109375 0.8436293436293436 0.5397135416666666 0.8421814671814671 0.5416666666666666 0.8421814671814671 0.548828125 0.8426640926640927 0.5501302083333334 0.8450772200772201 0.5540364583333334 0.8532818532818532 0.5540364583333334 0.8532818532818532 0.5423177083333334 0.8527992277992278 0.541015625 0.8503861003861004 0.5377604166666666 0.8503861003861004 0.53515625 0.885513186454773
1 0.7562741312741312 0.4830729166666667 0.7562741312741312 0.4908854166666667 0.762065637065637 0.4908854166666667 0.762065637065637 0.4850260416666667 0.7606177606177607 0.4830729166666667 0.7601351351351351 0.4830729166666667 0.7591698841698842 0.4817708333333333 0.7591698841698842 0.4811197916666667 0.7586872586872587 0.4811197916666667 0.7577220077220077 0.482421875 0.7572393822393823 0.482421875 0.7567567567567568 0.4830729166666667 0.8846758604049683
1 0.875965250965251 0.58203125 0.8754826254826255 0.5826822916666666 0.8754826254826255 0.58984375 0.875965250965251 0.5904947916666666 0.8807915057915058 0.5904947916666666 0.8807915057915058 0.5865885416666666 0.8803088803088803 0.5859375 0.8803088803088803 0.5852864583333334 0.8798262548262549 0.5846354166666666 0.8798262548262549 0.5833333333333334 0.8788610038610039 0.58203125 0.8841332793235779
0 0.8026061776061776 0.4537760416666667 0.8026061776061776 0.4602864583333333 0.8083976833976834 0.4602864583333333 0.8083976833976834 0.45703125 0.805984555984556 0.4537760416666667 0.8045366795366795 0.4537760416666667 0.8040540540540541 0.453125 0.803088803088803 0.453125 0.8798766136169434
1 0.7615830115830116 0.4694010416666667 0.7606177606177607 0.4713541666666667 0.7606177606177607 0.4791666666666667 0.7678571428571429 0.4791666666666667 0.7683397683397684 0.478515625 0.7683397683397684 0.4778645833333333 0.7693050193050193 0.4765625 0.7693050193050193 0.4694010416666667 0.7688223938223938 0.46875 0.7678571428571429 0.46875 0.7673745173745173 0.4680989583333333 0.7635135135135135 0.4680989583333333 0.763030888030888 0.46875 0.8779287338256836
2 0.29922779922779924 0.53125 0.29922779922779924 0.5338541666666666 0.3026061776061776 0.5338541666666666 0.3016409266409266 0.5325520833333334 0.3016409266409266 0.5319010416666666 0.30115830115830117 0.53125 0.30115830115830117 0.5305989583333334 0.30067567567567566 0.5299479166666666 0.3001930501930502 0.5299479166666666 0.8771677613258362
0 0.8108108108108109 0.427734375 0.8103281853281853 0.427734375 0.8093629343629344 0.4264322916666667 0.8088803088803089 0.4264322916666667 0.8083976833976834 0.42578125 0.8079150579150579 0.42578125 0.8074324324324325 0.4264322916666667 0.806949806949807 0.4264322916666667 0.8064671814671814 0.4270833333333333 0.805984555984556 0.4270833333333333 0.805019305019305 0.4283854166666667 0.805019305019305 0.4342447916666667 0.8108108108108109 0.4342447916666667 0.8756605982780457
2 0.444015444015444 0.5071614583333334 0.4435328185328185 0.5071614583333334 0.4420849420849421 0.5091145833333334 0.4420849420849421 0.5104166666666666 0.4416023166023166 0.5110677083333334 0.4416023166023166 0.5143229166666666 0.4411196911196911 0.5149739583333334 0.4411196911196911 0.51953125 0.4444980694980695 0.51953125 0.444980694980695 0.5188802083333334 0.444980694980695 0.5182291666666666 0.4454633204633205 0.517578125 0.4454633204633205 0.5143229166666666 0.444980694980695 0.513671875 0.444980694980695 0.509765625 0.4444980694980695 0.5091145833333334 0.4444980694980695 0.5084635416666666 0.444015444015444 0.5078125 0.8745695352554321
1 0.41505791505791506 0.4895833333333333 0.41216216216216217 0.4895833333333333 0.4111969111969112 0.4908854166666667 0.4107142857142857 0.4908854166666667 0.40974903474903474 0.4921875 0.40974903474903474 0.5006510416666666 0.4140926640926641 0.5006510416666666 0.41505791505791506 0.4993489583333333 0.41505791505791506 0.4986979166666667 0.4155405405405405 0.498046875 0.4155405405405405 0.490234375 0.8701781034469604
2 0.37596525096525096 0.5110677083333334 0.3754826254826255 0.51171875 0.3754826254826255 0.5162760416666666 0.3783783783783784 0.5162760416666666 0.3783783783783784 0.513671875 0.37741312741312744 0.5123697916666666 0.3769305019305019 0.5123697916666666 0.8630276322364807
1 0.6578185328185329 0.3938802083333333 0.6578185328185329 0.3997395833333333 0.6640926640926641 0.3997395833333333 0.6645752895752896 0.3990885416666667 0.6645752895752896 0.39453125 0.6636100386100386 0.3932291666666667 0.6631274131274131 0.3932291666666667 0.6626447876447876 0.392578125 0.6592664092664092 0.392578125 0.6587837837837838 0.3932291666666667 0.6583011583011583 0.3932291666666667 0.8583807349205017
2 0.611969111969112 0.5729166666666666 0.611003861003861 0.57421875 0.611003861003861 0.580078125 0.6153474903474904 0.580078125 0.6153474903474904 0.576171875 0.6134169884169884 0.5735677083333334 0.6134169884169884 0.5729166666666666 0.612934362934363 0.572265625 0.6124517374517374 0.5729166666666666 0.8560148477554321
0 0.7273166023166023 0.4244791666666667 0.7273166023166023 0.431640625 0.7345559845559846 0.431640625 0.73503861003861 0.4309895833333333 0.73503861003861 0.4251302083333333 0.7331081081081081 0.4225260416666667 0.7326254826254827 0.4225260416666667 0.7321428571428571 0.421875 0.7306949806949807 0.421875 0.7302123552123552 0.4212239583333333 0.7277992277992278 0.4244791666666667 0.8504887819290161
2 0.5395752895752896 0.4381510416666667 0.5390926640926641 0.4388020833333333 0.5390926640926641 0.4453125 0.5434362934362934 0.4453125 0.5434362934362934 0.4446614583333333 0.543918918918919 0.4440104166666667 0.543918918918919 0.44140625 0.5444015444015444 0.4407552083333333 0.5444015444015444 0.4401041666666667 0.543918918918919 0.439453125 0.543918918918919 0.4388020833333333 0.542953667953668 0.4375 0.541023166023166 0.4375 0.5405405405405406 0.4381510416666667 0.8285773992538452
2 0.28040540540540543 0.5221354166666666 0.27944015444015446 0.5221354166666666 0.27944015444015446 0.5227864583333334 0.27895752895752896 0.5234375 0.27895752895752896 0.5240885416666666 0.2784749034749035 0.5247395833333334 0.2784749034749035 0.52734375 0.28040540540540543 0.52734375 0.8259568810462952
2 0.3885135135135135 0.6354166666666666 0.3885135135135135 0.638671875 0.3967181467181467 0.638671875 0.3967181467181467 0.6380208333333334 0.3972007722007722 0.6373697916666666 0.3972007722007722 0.6360677083333334 0.3947876447876448 0.6328125 0.3918918918918919 0.6328125 0.3909266409266409 0.6341145833333334 0.39044401544401547 0.6341145833333334 0.38996138996138996 0.634765625 0.388996138996139 0.634765625 0.816482663154602
1 0.4609073359073359 0.5013020833333334 0.46042471042471045 0.501953125 0.46042471042471045 0.5065104166666666 0.4642857142857143 0.5065104166666666 0.4638030888030888 0.505859375 0.4638030888030888 0.50390625 0.46332046332046334 0.5032552083333334 0.46332046332046334 0.5026041666666666 0.46187258687258687 0.5006510416666666 0.4613899613899614 0.5013020833333334 0.7998784184455872
1 0.5077220077220077 0.5924479166666666 0.5077220077220077 0.595703125 0.5125482625482626 0.595703125 0.513030888030888 0.5950520833333334 0.513030888030888 0.59375 0.5115830115830116 0.591796875 0.5096525096525096 0.591796875 0.5091698841698842 0.5924479166666666 0.7971197962760925
1 0.8605212355212355 0.5026041666666666 0.8605212355212355 0.5091145833333334 0.861003861003861 0.509765625 0.861003861003861 0.5104166666666666 0.8658301158301158 0.5104166666666666 0.8658301158301158 0.505859375 0.8653474903474904 0.5052083333333334 0.8653474903474904 0.5045572916666666 0.8643822393822393 0.5032552083333334 0.8643822393822393 0.5026041666666666 0.8653474903474904 0.5013020833333334 0.8658301158301158 0.5013020833333334 0.861969111969112 0.5013020833333334 0.861003861003861 0.5026041666666666 0.7910712957382202
2 0.006274131274131274 0.4954427083333333 0.006274131274131274 0.4967447916666667 0.010617760617760617 0.4967447916666667 0.0111003861003861 0.49609375 0.010617760617760617 0.49609375 0.010135135135135136 0.4954427083333333 0.009652509652509652 0.4954427083333333 0.00916988416988417 0.4947916666666667 0.007722007722007722 0.4947916666666667 0.00723938223938224 0.4954427083333333 0.7885240316390991
2 0.777992277992278 0.5162760416666666 0.777027027027027 0.517578125 0.777027027027027 0.5240885416666666 0.7828185328185329 0.5240885416666666 0.7828185328185329 0.5208333333333334 0.7823359073359073 0.5201822916666666 0.7823359073359073 0.51953125 0.7813706563706564 0.5182291666666666 0.7813706563706564 0.517578125 0.7808880308880309 0.5169270833333334 0.7808880308880309 0.5162760416666666 0.7804054054054054 0.5162760416666666 0.7799227799227799 0.515625 0.778957528957529 0.515625 0.7784749034749034 0.5162760416666666 0.7883532047271729
2 0.6554054054054054 0.3626302083333333 0.6549227799227799 0.3626302083333333 0.6544401544401545 0.3619791666666667 0.6525096525096525 0.3619791666666667 0.652027027027027 0.3626302083333333 0.6515444015444015 0.3626302083333333 0.6510617760617761 0.36328125 0.6505791505791506 0.36328125 0.650096525096525 0.3639322916666667 0.650096525096525 0.369140625 0.6544401544401545 0.369140625 0.6549227799227799 0.3684895833333333 0.6549227799227799 0.3678385416666667 0.6554054054054054 0.3671875 0.7870746850967407
0 0.7944015444015444 0.515625 0.793918918918919 0.5149739583333334 0.7934362934362934 0.5149739583333334 0.792953667953668 0.5143229166666666 0.791988416988417 0.5143229166666666 0.7915057915057915 0.5149739583333334 0.7895752895752896 0.5149739583333334 0.7881274131274131 0.5169270833333334 0.7881274131274131 0.5227864583333334 0.7944015444015444 0.5227864583333334 0.7948841698841699 0.5221354166666666 0.7948841698841699 0.5169270833333334 0.7944015444015444 0.5162760416666666 0.7870108485221863
2 0.5275096525096525 0.5904947916666666 0.527027027027027 0.58984375 0.5236486486486487 0.58984375 0.5231660231660231 0.5904947916666666 0.5217181467181468 0.5904947916666666 0.5202702702702703 0.5924479166666666 0.5202702702702703 0.5963541666666666 0.525096525096525 0.5963541666666666 0.527027027027027 0.59375 0.527027027027027 0.5924479166666666 0.5275096525096525 0.591796875 0.7724621295928955
1 0.8286679536679536 0.5442708333333334 0.8286679536679536 0.544921875 0.8281853281853282 0.5455729166666666 0.8281853281853282 0.5520833333333334 0.833011583011583 0.5520833333333334 0.833011583011583 0.5481770833333334 0.8325289575289575 0.5475260416666666 0.8325289575289575 0.546875 0.8315637065637066 0.5455729166666666 0.831081081081081 0.5455729166666666 0.8301158301158301 0.5442708333333334 0.7662386298179626
2 0.3344594594594595 0.5872395833333334 0.33204633204633205 0.5872395833333334 0.3296332046332046 0.5904947916666666 0.3296332046332046 0.595703125 0.333011583011583 0.595703125 0.3344594594594595 0.59375 0.7577688097953796
2 0.599903474903475 0.4309895833333333 0.597972972972973 0.43359375 0.597972972972973 0.4407552083333333 0.5989382239382239 0.4420572916666667 0.6042471042471043 0.4420572916666667 0.6052123552123552 0.4401041666666667 0.6052123552123552 0.4342447916666667 0.6047297297297297 0.43359375 0.6047297297297297 0.4329427083333333 0.6037644787644788 0.431640625 0.6032818532818532 0.431640625 0.6027992277992278 0.4309895833333333 0.7418636083602905
1 0.638996138996139 0.439453125 0.6385135135135135 0.4401041666666667 0.638030888030888 0.4401041666666667 0.6375482625482626 0.4407552083333333 0.637065637065637 0.4407552083333333 0.6365830115830116 0.44140625 0.6365830115830116 0.447265625 0.6404440154440154 0.447265625 0.6404440154440154 0.4466145833333333 0.640926640926641 0.4459635416666667 0.640926640926641 0.443359375 0.6404440154440154 0.4427083333333333 0.6404440154440154 0.4420572916666667 0.63996138996139 0.44140625 0.63996138996139 0.4407552083333333 0.7011160850524902
1 0.6751930501930502 0.373046875 0.6742277992277992 0.3743489583333333 0.6742277992277992 0.380859375 0.6795366795366795 0.380859375 0.6795366795366795 0.3763020833333333 0.6790540540540541 0.3756510416666667 0.6790540540540541 0.375 0.678088803088803 0.3736979166666667 0.678088803088803 0.373046875 0.690313458442688
0 0.806949806949807 0.517578125 0.806949806949807 0.5221354166666666 0.8117760617760618 0.5221354166666666 0.8117760617760618 0.5188802083333334 0.8103281853281853 0.5169270833333334 0.8093629343629344 0.5169270833333334 0.8088803088803089 0.5162760416666666 0.8083976833976834 0.5162760416666666 0.8079150579150579 0.5169270833333334 0.8074324324324325 0.5169270833333334 0.6845697164535522
1 0.6491312741312741 0.5670572916666666 0.6491312741312741 0.5748697916666666 0.6534749034749034 0.5748697916666666 0.6544401544401545 0.5735677083333334 0.6544401544401545 0.5696614583333334 0.6534749034749034 0.568359375 0.6534749034749034 0.5677083333333334 0.652992277992278 0.5670572916666666 0.670906126499176
0 0.8257722007722008 0.4765625 0.8248069498069498 0.4778645833333333 0.8248069498069498 0.4850260416666667 0.8301158301158301 0.4850260416666667 0.8305984555984556 0.484375 0.8305984555984556 0.4791666666666667 0.8301158301158301 0.478515625 0.8301158301158301 0.4772135416666667 0.8291505791505791 0.4759114583333333 0.8267374517374517 0.4759114583333333 0.8262548262548263 0.4765625 0.669937014579773
2 0.7041505791505791 0.607421875 0.7036679536679536 0.6080729166666666 0.7031853281853282 0.6080729166666666 0.7022200772200772 0.609375 0.7022200772200772 0.615234375 0.7051158301158301 0.615234375 0.7051158301158301 0.61328125 0.7055984555984556 0.6126302083333334 0.7055984555984556 0.6106770833333334 0.7051158301158301 0.6100260416666666 0.7051158301158301 0.6087239583333334 0.5750557780265808
2 0.23648648648648649 0.5234375 0.23648648648648649 0.5266927083333334 0.2388996138996139 0.5266927083333334 0.2384169884169884 0.5260416666666666 0.2384169884169884 0.5247395833333334 0.23793436293436293 0.5240885416666666 0.23793436293436293 0.5234375 0.5707467794418335
2 0.361003861003861 0.5234375 0.361003861003861 0.5266927083333334 0.36534749034749037 0.5266927083333334 0.36486486486486486 0.5260416666666666 0.36486486486486486 0.525390625 0.36293436293436293 0.5227864583333334 0.36196911196911197 0.5227864583333334 0.3614864864864865 0.5234375 0.5706462860107422
1 0.5193050193050193 0.5123697916666666 0.5173745173745173 0.5149739583333334 0.5173745173745173 0.51953125 0.5217181467181468 0.51953125 0.5222007722007722 0.5188802083333334 0.5222007722007722 0.5182291666666666 0.5226833976833977 0.517578125 0.5226833976833977 0.513671875 0.5222007722007722 0.5130208333333334 0.5222007722007722 0.5123697916666666 0.5564082860946655
1 0.4753861003861004 0.5065104166666666 0.4734555984555985 0.5091145833333334 0.4734555984555985 0.5149739583333334 0.47924710424710426 0.5149739583333334 0.47924710424710426 0.5143229166666666 0.4797297297297297 0.513671875 0.4797297297297297 0.5091145833333334 0.4777992277992278 0.5065104166666666 0.5272972583770752
