0 0.8523166023166023 0.5104166666666666 0.8508687258687259 0.5123697916666666 0.8508687258687259 0.517578125 0.8561776061776062 0.517578125 0.8561776061776062 0.5123697916666666 0.8556949806949807 0.51171875 0.8556949806949807 0.5110677083333334 0.8552123552123552 0.5104166666666666 0.9114476442337036
0 0.707046332046332 0.3893229166666667 0.7065637065637066 0.3893229166666667 0.706081081081081 0.388671875 0.7055984555984556 0.388671875 0.7051158301158301 0.3880208333333333 0.7046332046332047 0.3880208333333333 0.7041505791505791 0.3873697916666667 0.7036679536679536 0.3880208333333333 0.7027027027027027 0.3880208333333333 0.7022200772200772 0.388671875 0.7017374517374517 0.388671875 0.7012548262548263 0.3893229166666667 0.7007722007722008 0.3893229166666667 0.7002895752895753 0.3899739583333333 0.7002895752895753 0.3971354166666667 0.7075289575289575 0.3971354166666667 0.7075289575289575 0.390625 0.707046332046332 0.3899739583333333 0.9062644243240356
0 0.32384169884169883 0.5755208333333334 0.32384169884169883 0.5826822916666666 0.3305984555984556 0.5826822916666666 0.3310810810810811 0.58203125 0.3310810810810811 0.5813802083333334 0.33156370656370654 0.5807291666666666 0.33156370656370654 0.5768229166666666 0.32915057915057916 0.5735677083333334 0.32722007722007723 0.5735677083333334 0.3267374517374517 0.5729166666666666 0.32625482625482627 0.5735677083333334 0.32577220077220076 0.5735677083333334 0.3248069498069498 0.5748697916666666 0.32432432432432434 0.5748697916666666 0.9033458828926086
0 0.5863899613899614 0.4622395833333333 0.5863899613899614 0.4680989583333333 0.5921814671814671 0.4680989583333333 0.5921814671814671 0.4635416666666667 0.5907335907335908 0.4615885416666667 0.5902509652509652 0.4615885416666667 0.5897683397683398 0.4609375 0.5883204633204633 0.4609375 0.5878378378378378 0.4615885416666667 0.5868725868725869 0.4615885416666667 0.8887682557106018
0 0.7224903474903475 0.3411458333333333 0.7224903474903475 0.345703125 0.7282818532818532 0.345703125 0.7282818532818532 0.3411458333333333 0.7277992277992278 0.3404947916666667 0.7273166023166023 0.3404947916666667 0.7268339768339769 0.33984375 0.7263513513513513 0.33984375 0.7258687258687259 0.3391927083333333 0.7244208494208494 0.3391927083333333 0.7239382239382239 0.33984375 0.7234555984555985 0.33984375 0.880031406879425
0 0.7741312741312741 0.5501302083333334 0.7741312741312741 0.5572916666666666 0.778957528957529 0.5572916666666666 0.778957528957529 0.5501302083333334 0.8751855492591858
0 0.7142857142857143 0.3404947916666667 0.7142857142857143 0.345703125 0.7191119691119691 0.345703125 0.7191119691119691 0.341796875 0.7176640926640927 0.33984375 0.7147683397683398 0.33984375 0.861544132232666
0 0.41167953667953666 0.4954427083333333 0.41167953667953666 0.4986979166666667 0.41457528957528955 0.4986979166666667 0.41457528957528955 0.4973958333333333 0.41312741312741313 0.4954427083333333 0.7160642743110657
0 0.7287644787644788 0.4889322916666667 0.7287644787644788 0.4934895833333333 0.7331081081081081 0.4934895833333333 0.7331081081081081 0.4895833333333333 0.7321428571428571 0.48828125 0.7297297297297297 0.48828125 0.7292471042471043 0.4889322916666667 0.6875640153884888
0 0.5728764478764479 0.5234375 0.5728764478764479 0.52734375 0.5777027027027027 0.52734375 0.5777027027027027 0.5247395833333334 0.5772200772200772 0.5240885416666666 0.5772200772200772 0.5234375 0.5762548262548263 0.5221354166666666 0.5738416988416989 0.5221354166666666 0.6069189310073853
0 0.3556949806949807 0.7747395833333334 0.3556949806949807 0.77734375 0.35666023166023164 0.77734375 0.35714285714285715 0.7766927083333334 0.35714285714285715 0.7760416666666666 0.35666023166023164 0.775390625 0.3561776061776062 0.775390625 0.5359642505645752
0 0.6462355212355212 0.7428385416666666 0.6462355212355212 0.7467447916666666 0.6491312741312741 0.7467447916666666 0.6491312741312741 0.7434895833333334 0.6486486486486487 0.7428385416666666 0.5029794573783875
