1 0.540057915057915 0.48046875 0.5395752895752896 0.4811197916666667 0.5376447876447876 0.4811197916666667 0.5366795366795367 0.482421875 0.5366795366795367 0.4830729166666667 0.5361969111969112 0.4837239583333333 0.5361969111969112 0.4915364583333333 0.5415057915057915 0.4915364583333333 0.5415057915057915 0.4908854166666667 0.541988416988417 0.490234375 0.541988416988417 0.4850260416666667 0.5415057915057915 0.484375 0.5415057915057915 0.4837239583333333 0.541023166023166 0.4830729166666667 0.541023166023166 0.482421875 0.5405405405405406 0.4817708333333333 0.5405405405405406 0.4811197916666667 0.9382213354110718
1 0.6182432432432432 0.3450520833333333 0.6177606177606177 0.345703125 0.6163127413127413 0.3463541666666667 0.6143822393822393 0.3489583333333333 0.6143822393822393 0.349609375 0.6138996138996139 0.3502604166666667 0.6138996138996139 0.3606770833333333 0.6143822393822393 0.361328125 0.6143822393822393 0.3626302083333333 0.6225868725868726 0.3626302083333333 0.6225868725868726 0.3619791666666667 0.6230694980694981 0.361328125 0.6235521235521235 0.361328125 0.6235521235521235 0.3606770833333333 0.6245173745173745 0.359375 0.6245173745173745 0.357421875 0.625 0.3567708333333333 0.625 0.3528645833333333 0.6245173745173745 0.3522135416666667 0.624034749034749 0.3489583333333333 0.6225868725868726 0.3470052083333333 0.622104247104247 0.3470052083333333 0.6206563706563707 0.3450520833333333 0.9280136823654175
1 0.8098455598455598 0.3860677083333333 0.8079150579150579 0.388671875 0.8079150579150579 0.3990885416666667 0.8083976833976834 0.3997395833333333 0.8141891891891891 0.3997395833333333 0.8141891891891891 0.390625 0.8137065637065637 0.3899739583333333 0.8137065637065637 0.3893229166666667 0.8122586872586872 0.3873697916666667 0.8122586872586872 0.38671875 0.8117760617760618 0.3860677083333333 0.9255543351173401
1 0.8392857142857143 0.5338541666666666 0.8383204633204633 0.53515625 0.8383204633204633 0.5358072916666666 0.8373552123552124 0.537109375 0.8373552123552124 0.5436197916666666 0.8378378378378378 0.5442708333333334 0.8431467181467182 0.5442708333333334 0.8436293436293436 0.5436197916666666 0.8436293436293436 0.541015625 0.8441119691119691 0.5403645833333334 0.8441119691119691 0.537109375 0.8431467181467182 0.5358072916666666 0.8431467181467182 0.53515625 0.8421814671814671 0.5338541666666666 0.9174840450286865
1 0.8315637065637066 0.3515625 0.8315637065637066 0.3522135416666667 0.8301158301158301 0.3548177083333333 0.8301158301158301 0.3619791666666667 0.8305984555984556 0.3626302083333333 0.8305984555984556 0.36328125 0.832046332046332 0.365234375 0.8412162162162162 0.365234375 0.8412162162162162 0.3645833333333333 0.8421814671814671 0.36328125 0.8421814671814671 0.357421875 0.8416988416988417 0.3567708333333333 0.8416988416988417 0.3561197916666667 0.8412162162162162 0.35546875 0.8412162162162162 0.3541666666666667 0.8402509652509652 0.3528645833333333 0.8397683397683398 0.3509114583333333 0.8392857142857143 0.3509114583333333 0.8388030888030888 0.3502604166666667 0.8344594594594594 0.3502604166666667 0.833976833976834 0.3509114583333333 0.9154853820800781
2 0.4638030888030888 0.490234375 0.46283783783783783 0.4915364583333333 0.46283783783783783 0.4993489583333333 0.46814671814671815 0.4993489583333333 0.46814671814671815 0.4947916666666667 0.46766409266409265 0.494140625 0.46766409266409265 0.4915364583333333 0.4671814671814672 0.4908854166666667 0.4671814671814672 0.490234375 0.46525096525096526 0.490234375 0.46476833976833976 0.4895833333333333 0.4642857142857143 0.490234375 0.9082452058792114
1 0.5501930501930502 0.5390625 0.5497104247104247 0.5397135416666666 0.5492277992277992 0.5397135416666666 0.5482625482625483 0.541015625 0.5482625482625483 0.5494791666666666 0.553088803088803 0.5494791666666666 0.553088803088803 0.5403645833333334 0.5526061776061776 0.5397135416666666 0.5521235521235521 0.5397135416666666 0.5516409266409267 0.5390625 0.9046169519424438
1 0.8243243243243243 0.333984375 0.8233590733590733 0.3326822916666667 0.8228764478764479 0.3326822916666667 0.8214285714285714 0.3313802083333333 0.8209459459459459 0.3313802083333333 0.8204633204633205 0.33203125 0.8194980694980695 0.33203125 0.819015444015444 0.3326822916666667 0.8170849420849421 0.3326822916666667 0.8166023166023166 0.3333333333333333 0.8151544401544402 0.333984375 0.8132239382239382 0.3365885416666667 0.8132239382239382 0.3372395833333333 0.8127413127413128 0.337890625 0.8127413127413128 0.3463541666666667 0.8132239382239382 0.3470052083333333 0.821911196911197 0.3470052083333333 0.821911196911197 0.3463541666666667 0.8243243243243243 0.3430989583333333 0.8243243243243243 0.3424479166666667 0.8248069498069498 0.341796875 0.8248069498069498 0.3352864583333333 0.8243243243243243 0.3346354166666667 0.9035603404045105
1 0.6901544401544402 0.4244791666666667 0.6887065637065637 0.4264322916666667 0.6887065637065637 0.4342447916666667 0.6944980694980695 0.4342447916666667 0.6944980694980695 0.4322916666666667 0.694980694980695 0.431640625 0.694980694980695 0.4290364583333333 0.6944980694980695 0.4283854166666667 0.6944980694980695 0.42578125 0.6935328185328186 0.4244791666666667 0.6920849420849421 0.4244791666666667 0.6916023166023166 0.423828125 0.6911196911196911 0.423828125 0.6906370656370656 0.4244791666666667 0.9028002619743347
1 0.5714285714285714 0.4485677083333333 0.5704633204633205 0.4485677083333333 0.569980694980695 0.44921875 0.5685328185328186 0.44921875 0.5685328185328186 0.4498697916666667 0.5675675675675675 0.451171875 0.5675675675675675 0.4557291666666667 0.571911196911197 0.4557291666666667 0.571911196911197 0.4498697916666667 0.5714285714285714 0.44921875 0.9025406241416931
0 0.8103281853281853 0.4270833333333333 0.8093629343629344 0.4290364583333333 0.8093629343629344 0.4388020833333333 0.8098455598455598 0.439453125 0.8166023166023166 0.439453125 0.8166023166023166 0.4303385416666667 0.8151544401544402 0.4283854166666667 0.8146718146718147 0.4283854166666667 0.8137065637065637 0.4270833333333333 0.9003827571868896
0 0.7287644787644788 0.3411458333333333 0.7287644787644788 0.341796875 0.7282818532818532 0.3424479166666667 0.7282818532818532 0.3489583333333333 0.734073359073359 0.3489583333333333 0.7345559845559846 0.3483072916666667 0.7345559845559846 0.3430989583333333 0.734073359073359 0.3424479166666667 0.734073359073359 0.341796875 0.7326254826254827 0.33984375 0.7306949806949807 0.33984375 0.7302123552123552 0.3404947916666667 0.7297297297297297 0.3404947916666667 0.7292471042471043 0.3411458333333333 0.8964958190917969
1 0.555019305019305 0.41015625 0.5535714285714286 0.412109375 0.5535714285714286 0.4127604166666667 0.553088803088803 0.4134114583333333 0.553088803088803 0.4225260416666667 0.5588803088803089 0.4225260416666667 0.5588803088803089 0.4134114583333333 0.5583976833976834 0.4127604166666667 0.5583976833976834 0.4114583333333333 0.5579150579150579 0.4114583333333333 0.5564671814671814 0.41015625 0.8869561553001404
2 0.48841698841698844 0.484375 0.48696911196911197 0.484375 0.4864864864864865 0.4850260416666667 0.4855212355212355 0.4850260416666667 0.4855212355212355 0.4856770833333333 0.48455598455598453 0.4869791666666667 0.48455598455598453 0.49609375 0.48841698841698844 0.49609375 0.48841698841698844 0.4921875 0.4888996138996139 0.4915364583333333 0.4888996138996139 0.4856770833333333 0.48841698841698844 0.4850260416666667 0.876508891582489
2 0.6703667953667953 0.375 0.6698841698841699 0.3756510416666667 0.6694015444015444 0.3756510416666667 0.668918918918919 0.3763020833333333 0.6684362934362934 0.3763020833333333 0.666988416988417 0.3782552083333333 0.666988416988417 0.3834635416666667 0.6713320463320464 0.3834635416666667 0.6713320463320464 0.3782552083333333 0.6708494208494209 0.3776041666666667 0.6708494208494209 0.3763020833333333 0.6703667953667953 0.3756510416666667 0.8568046689033508
1 0.8682432432432432 0.41015625 0.8667953667953668 0.412109375 0.8667953667953668 0.4225260416666667 0.8716216216216216 0.4225260416666667 0.8730694980694981 0.4205729166666667 0.8730694980694981 0.4140625 0.8725868725868726 0.4134114583333333 0.8725868725868726 0.4127604166666667 0.8716216216216216 0.4114583333333333 0.8716216216216216 0.4108072916666667 0.8711389961389961 0.4108072916666667 0.8706563706563707 0.41015625 0.7693743109703064
2 0.8214285714285714 0.302734375 0.8204633204633205 0.3046875 0.8204633204633205 0.3131510416666667 0.8209459459459459 0.3138020833333333 0.8209459459459459 0.314453125 0.8214285714285714 0.314453125 0.8223938223938224 0.3157552083333333 0.8257722007722008 0.3157552083333333 0.8257722007722008 0.3151041666666667 0.8267374517374517 0.3138020833333333 0.8267374517374517 0.3118489583333333 0.8272200772200772 0.3111979166666667 0.8272200772200772 0.3053385416666667 0.8267374517374517 0.3046875 0.8267374517374517 0.3040364583333333 0.8262548262548263 0.3033854166666667 0.8257722007722008 0.3033854166666667 0.8248069498069498 0.3020833333333333 0.8228764478764479 0.3020833333333333 0.8223938223938224 0.302734375 0.5730637311935425
1 0.5555019305019305 0.53125 0.5540540540540541 0.533203125 0.5540540540540541 0.5384114583333334 0.5579150579150579 0.5384114583333334 0.5579150579150579 0.53515625 0.5574324324324325 0.5345052083333334 0.5574324324324325 0.533203125 0.555984555984556 0.53125 0.5160290598869324
