1 0.7495173745173745 0.2845052083333333 0.7485521235521235 0.2858072916666667 0.7485521235521235 0.2942708333333333 0.749034749034749 0.294921875 0.7495173745173745 0.296875 0.7504826254826255 0.2981770833333333 0.7562741312741312 0.2981770833333333 0.7567567567567568 0.2975260416666667 0.7567567567567568 0.2962239583333333 0.7572393822393823 0.2955729166666667 0.7572393822393823 0.287109375 0.7567567567567568 0.2864583333333333 0.7562741312741312 0.2845052083333333 0.7557915057915058 0.2845052083333333 0.7543436293436293 0.283203125 0.7514478764478765 0.283203125 0.750965250965251 0.2838541666666667 0.9546900987625122
1 0.6872586872586872 0.236328125 0.6858108108108109 0.23502604166666666 0.6833976833976834 0.23502604166666666 0.6829150579150579 0.23567708333333334 0.681949806949807 0.23567708333333334 0.680984555984556 0.23697916666666666 0.6805019305019305 0.23697916666666666 0.6805019305019305 0.23763020833333334 0.680019305019305 0.23828125 0.680019305019305 0.24544270833333334 0.6858108108108109 0.24544270833333334 0.6867760617760618 0.244140625 0.6867760617760618 0.24348958333333334 0.6872586872586872 0.24283854166666666 0.6872586872586872 0.24153645833333334 0.6877413127413128 0.24088541666666666 0.6877413127413128 0.23763020833333334 0.6872586872586872 0.23697916666666666 0.9188903570175171
1 0.36824324324324326 0.4934895833333333 0.3672779922779923 0.4934895833333333 0.3667953667953668 0.494140625 0.36534749034749037 0.494140625 0.36486486486486486 0.4947916666666667 0.3638996138996139 0.4947916666666667 0.36341698841698844 0.4954427083333333 0.36293436293436293 0.4954427083333333 0.3614864864864865 0.4973958333333333 0.3614864864864865 0.5026041666666666 0.3667953667953668 0.5026041666666666 0.3667953667953668 0.501953125 0.36776061776061775 0.5006510416666666 0.36824324324324326 0.5006510416666666 0.36824324324324326 0.5 0.3687258687258687 0.4993489583333333 0.3687258687258687 0.4947916666666667 0.36824324324324326 0.494140625 0.9187200665473938
1 0.6052123552123552 0.4309895833333333 0.6047297297297297 0.431640625 0.6047297297297297 0.4401041666666667 0.609073359073359 0.4401041666666667 0.609073359073359 0.4342447916666667 0.6085907335907336 0.43359375 0.6085907335907336 0.4322916666666667 0.6076254826254827 0.4309895833333333 0.9164649248123169
1 0.7432432432432432 0.2630208333333333 0.7427606177606177 0.2623697916666667 0.7422779922779923 0.2623697916666667 0.7408301158301158 0.2604166666666667 0.7398648648648649 0.2604166666666667 0.7393822393822393 0.259765625 0.7374517374517374 0.259765625 0.736969111969112 0.2604166666666667 0.736003861003861 0.2604166666666667 0.734073359073359 0.2623697916666667 0.7326254826254827 0.2630208333333333 0.7316602316602316 0.2643229166666667 0.7316602316602316 0.2740885416666667 0.7417953667953668 0.2740885416666667 0.7417953667953668 0.2734375 0.7432432432432432 0.271484375 0.9053528904914856
1 0.8445945945945946 0.61328125 0.8441119691119691 0.6139322916666666 0.8436293436293436 0.6139322916666666 0.8431467181467182 0.6145833333333334 0.8426640926640927 0.6145833333333334 0.8421814671814671 0.615234375 0.8421814671814671 0.6217447916666666 0.8465250965250966 0.6217447916666666 0.847007722007722 0.62109375 0.847007722007722 0.6165364583333334 0.8465250965250966 0.6158854166666666 0.8465250965250966 0.615234375 0.8455598455598455 0.6139322916666666 0.8450772200772201 0.6139322916666666 0.8959604501724243
0 0.8494208494208494 0.66015625 0.847972972972973 0.662109375 0.8474903474903475 0.662109375 0.8465250965250966 0.6634114583333334 0.8465250965250966 0.671875 0.8532818532818532 0.671875 0.8532818532818532 0.6712239583333334 0.8537644787644788 0.6705729166666666 0.8537644787644788 0.6686197916666666 0.8542471042471043 0.66796875 0.8537644787644788 0.6673177083333334 0.8537644787644788 0.6634114583333334 0.8527992277992278 0.662109375 0.8527992277992278 0.6614583333333334 0.8523166023166023 0.6614583333333334 0.8508687258687259 0.66015625 0.8812477588653564
2 0.6626447876447876 0.337890625 0.6616795366795367 0.337890625 0.6607142857142857 0.3391927083333333 0.6597490347490348 0.3391927083333333 0.6592664092664092 0.33984375 0.6592664092664092 0.3463541666666667 0.6631274131274131 0.3463541666666667 0.6631274131274131 0.345703125 0.6636100386100386 0.3450520833333333 0.6636100386100386 0.3404947916666667 0.6631274131274131 0.33984375 0.6631274131274131 0.3385416666666667 0.872618556022644
2 0.599903474903475 0.3860677083333333 0.599903474903475 0.3899739583333333 0.6023166023166023 0.3899739583333333 0.6023166023166023 0.3893229166666667 0.6027992277992278 0.388671875 0.6027992277992278 0.3854166666666667 0.6008687258687259 0.3854166666666667 0.6003861003861004 0.3860677083333333 0.8628886342048645
0 0.7924710424710425 0.5826822916666666 0.791023166023166 0.5846354166666666 0.791023166023166 0.58984375 0.7958494208494209 0.58984375 0.7958494208494209 0.5846354166666666 0.7948841698841699 0.5833333333333334 0.7944015444015444 0.5833333333333334 0.793918918918919 0.5826822916666666 0.856648325920105
1 0.7697876447876448 0.4427083333333333 0.7688223938223938 0.4427083333333333 0.7683397683397684 0.443359375 0.7678571428571429 0.443359375 0.7635135135135135 0.4466145833333333 0.7635135135135135 0.4576822916666667 0.7722007722007722 0.4576822916666667 0.7722007722007722 0.4563802083333333 0.7726833976833977 0.4557291666666667 0.7726833976833977 0.451171875 0.7731660231660231 0.4505208333333333 0.7726833976833977 0.4498697916666667 0.7726833976833977 0.4466145833333333 0.7722007722007722 0.4459635416666667 0.7722007722007722 0.4453125 0.8135722279548645
2 0.3421814671814672 0.4934895833333333 0.3416988416988417 0.4934895833333333 0.34121621621621623 0.494140625 0.3407335907335907 0.494140625 0.34025096525096526 0.4947916666666667 0.34025096525096526 0.498046875 0.3421814671814672 0.498046875 0.7886348366737366
